(5 0 1) 
(6 5 1) 
(0 5 1) 
(6 5 1) 
(6 5 1) 
(1 5 1) 
(10 5 1) 
(1 5 1) 
(2 5 1) 
(0 0 1) 
(11 0 1) 
(6 0 1) 
(6 0 1) 
(0 0 1) 
(0 0 1) 
(14 0 1) 
(12 0 1) 
(5 0 1) 
(3 0 1) 
(12 0 1) 
(9 0 1) 
(15 0 1) 
(11 15 1) 
(15 15 1) 
(15 15 1) 
(12 15 1) 
(9 15 1) 
(7 15 1) 
(2 15 1) 
(10 0 1) 
(10 10 1) 
(10 10 1) 
(11 10 1) 
(5 10 1) 
(8 10 1) 
(9 0 1) 
(3 9 1) 
(13 9 1) 
(4 9 1) 
(2 9 1) 
(2 9 1) 
(11 9 1) 
(15 9 1) 
(0 9 1) 
(3 0 1) 
(9 3 1) 
(1 3 1) 
(0 3 1) 
(3 3 1) 
(3 3 1) 
(6 3 1) 
(6 0 1) 
(12 6 1) 
(7 6 1) 
(0 6 1) 
(0 6 1) 
(5 6 1) 
(13 6 1) 
(5 6 1) 
(5 6 1) 
(3 6 1) 
(12 6 1) 
(12 6 1) 
(7 0 1) 
(14 7 1) 
(6 7 1) 
(11 7 1) 
(14 7 1) 
(4 7 1) 
(1 7 1) 
(7 7 1) 
(7 7 1) 
(15 7 1) 
(12 0 1) 
(13 12 1) 
(6 12 1) 
(8 12 1) 
(11 12 1) 
(0 12 1) 
(8 12 1) 
(15 12 1) 
(12 12 1) 
(12 12 1) 
(6 12 1) 
(6 12 1) 
(8 12 1) 
(0 12 1) 
(8 0 1) 
(12 8 1) 
(14 8 1) 
(1 8 1) 
(12 8 1) 
(12 8 1) 
(1 8 1) 
(10 8 1) 
(13 0 1) 
(12 13 1) 
(9 13 1) 
(6 13 1) 
(2 13 1) 
(14 13 1) 
(11 0 1) 
(15 11 1) 
(0 11 1) 
(12 11 1) 
(7 11 1) 
(10 11 1) 
(9 11 1) 
(2 0 1) 
(1 2 1) 
(1 2 1) 
(13 2 1) 
(9 2 1) 
(2 2 1) 
(2 2 1) 
(9 2 1) 
(15 2 1) 
(5 2 1) 
(4 0 1) 
(9 4 1) 
(7 4 1) 
(14 4 1) 
(1 0 1) 
(2 1 1) 
(1 1 1) 
(1 1 1) 
(2 1 1) 
(3 1 1) 
(8 1 1) 
(14 1 1) 
(5 1 1) 
(8 1 1) 
(7 1 1) 
(5 1 1) 
(14 1 1) 
(14 0 1) 
(7 14 1) 
(7 14 1) 
(8 14 1) 
(0 14 1) 
(1 14 1) 
(13 14 1) 
(1 14 1) 
(4 14 1) 
